      1              1    1  S     11111
   11111   11111   11111   1   1   1
               1       1       1   1
   11111111111111111   111111111   1
       1               1       1   1
11111111   11111111111111111   1   1
       1   1       1           1
   1   1   1   1   1   11111   11111
   1       1   1       1       1
   111111111   111111111   11111   1111
               1           1   1   1
11111111   11111   111111111   1   1
           1       1               1
1111   1111111111111   1111111111111
   1               1   1
   1111111111111   1   1   1   11111111
   1               1       1
   1   11111111111111111111111111111
       1                       F